enormous
enormous1
300
5.2127156257629395
5.155257296562195
0.9565217391304348
0.8200093697286714
19
0 149 107 192 96 17 66 52 19 92 187 128 258 238 216 203 231 58 290
18
0 110 62 157 179 94 69 93 200 38 100 257 162 252 82 211 137 142
17
0 248 165 43 26 23 237 144 81 274 8 57 124 206 194 220 186
11
0 215 299 112 64 4 221 126 236 42 129
16
0 210 55 60 294 244 18 125 2 163 111 208 132 205 109 67
16
0 80 103 171 115 245 153 20 174 88 285 147 172 222 139 296
12
0 117 197 278 47 217 269 213 188 266 77 49
15
0 166 146 191 68 288 297 21 264 167 40 243 32 121 87
18
0 279 233 214 240 145 25 209 95 65 173 83 295 169 170 148 14 272
14
0 228 34 71 276 254 265 7 135 1 136 29 284 120
19
0 46 189 35 143 164 3 48 204 56 116 201 76 84 300 177 22 195 51
12
0 176 268 247 85 291 202 63 183 134 11 37
11
0 106 283 232 239 131 150 250 12 45 141
16
0 289 54 13 9 190 99 155 282 251 275 91 185 108 227 242
14
0 44 207 102 225 193 159 16 158 263 98 78 113 182
19
0 27 5 286 256 154 79 298 184 226 90 255 36 133 178 280 262 246 270
27
0 156 292 114 41 140 196 72 73 152 53 31 89 10 273 180 39 267 224 75 30 229 234 151 168 59 104
18
0 219 130 161 28 241 122 15 101 253 181 198 223 105 118 24 50 259
14
0 86 70 119 6 218 277 293 175 33 160 260 235 138
14
0 249 127 261 97 287 74 212 281 199 271 230 61 123

