enormous
enormous3
300
0.5498178005218506
0.5767133951187133
0.3258426966292135
0.034012841091492774
17
0 111 116 189 203 53 114 78 117 205 46 60 255 273 165 61 0
17
0 115 26 296 83 15 172 138 130 258 18 120 50 298 161 135 0
17
0 44 257 128 23 8 40 105 233 208 218 237 204 268 239 256 0
17
0 169 254 155 284 148 34 194 159 5 51 195 89 68 270 119 0
17
0 90 63 112 9 22 17 236 109 294 178 57 101 71 29 100 0
17
0 202 264 140 185 121 20 10 187 93 58 64 259 243 107 97 0
17
0 290 215 198 21 252 147 32 170 180 134 225 1 230 260 4 0
17
0 74 184 295 226 291 75 188 197 222 143 261 48 38 241 206 0
17
0 263 108 285 200 152 14 183 45 210 235 19 242 24 300 27 0
17
0 126 163 154 216 72 160 82 136 175 267 281 42 73 103 220 0
17
0 293 80 141 76 247 139 238 181 11 84 219 207 275 190 221 0
17
0 113 142 234 70 31 191 37 2 227 99 217 12 35 43 67 0
17
0 87 33 271 79 104 25 244 131 196 253 269 151 39 193 81 0
17
0 54 173 297 276 86 228 144 265 55 164 41 156 98 248 96 0
17
0 231 283 66 282 127 162 223 167 288 277 132 174 211 69 123 0
17
0 56 145 213 249 133 118 182 166 102 280 232 36 59 85 246 0
17
0 52 149 65 110 199 150 88 214 3 209 6 176 177 201 266 0
17
0 106 286 289 292 77 251 287 168 274 245 224 91 272 146 279 0
16
0 186 192 153 278 7 240 62 28 30 229 13 47 157 137 0
15
0 158 171 92 250 129 299 179 262 16 125 122 94 49 0
5
0 95 124 212 0

