enormous
enormous6
300
0.07656049728393555
0.8560152053833008
0.9836065573770492
0.8006623820864863
15
0 231 172 106 263 89 147 233 39 228 73 242 12 262 188
16
0 288 158 51 61 291 138 267 235 238 222 270 280 37 6 232
14
0 128 124 207 81 199 201 96 272 60 216 275 121 4
15
0 200 259 129 150 85 175 87 274 100 65 34 148 296 132
14
0 193 265 205 105 261 237 142 173 36 295 246 117 32
21
0 245 260 40 299 9 196 135 230 104 57 125 20 59 17 282 239 278 271 95 77
12
0 209 149 243 226 219 167 133 187 46 254 214
17
0 241 54 182 162 55 221 202 178 184 25 93 99 45 160 119 268
20
0 63 258 294 68 127 140 52 98 109 38 161 194 181 97 266 27 144 69 86
19
0 217 151 92 24 137 84 122 208 276 58 112 74 206 71 22 103 285 289
16
0 64 195 30 126 190 223 90 163 284 101 88 247 220 169 154
20
0 56 218 215 212 136 240 176 78 62 177 79 67 292 225 244 31 11 70 251
15
0 183 298 83 159 189 248 273 8 123 264 50 116 256 143
16
0 191 43 44 198 257 13 94 134 16 166 53 192 156 130 23
15
0 180 290 118 186 297 153 227 107 283 253 3 252 28 229
14
0 131 287 224 203 179 115 269 170 80 145 174 211 255
20
0 146 155 250 120 66 286 14 279 35 165 102 152 168 213 18 21 185 171 10
11
0 29 72 141 2 1 210 41 26 281 164
18
0 236 75 113 139 33 82 91 76 7 15 300 157 277 19 49 204 114
12
0 110 197 249 293 47 111 42 234 48 108 5

