enormous
enormous10
300
3.527177572250366
3.6585264444351195
0.8478260869565217
0.6274278717178646
17
0 202 21 139 41 82 158 129 84 224 279 74 236 13 258 280 246
17
0 271 35 36 119 251 44 33 63 182 17 233 143 16 154 247 281
16
0 286 42 67 137 32 83 220 15 257 166 269 97 146 168 19
19
0 300 26 134 215 170 1 136 3 222 70 92 57 103 85 40 250 90 106
17
0 10 287 51 262 235 87 45 62 98 145 50 244 198 140 111 156
20
0 48 8 46 79 78 206 107 184 221 261 239 152 283 28 226 91 61 66 138
15
0 49 165 265 88 81 243 142 65 253 194 217 104 232 117
18
0 75 155 53 22 29 132 282 264 164 128 20 242 4 123 37 58 241
18
0 99 5 2 89 93 153 245 176 219 125 181 195 289 225 267 133 210
17
0 169 25 183 157 148 54 174 59 218 278 294 274 190 270 276 108
17
0 208 9 178 186 31 95 120 114 254 249 27 214 100 275 47 124
12
0 231 64 56 196 69 12 149 38 277 238 295
12
0 126 94 135 6 112 180 298 296 292 285 205
13
0 60 203 160 122 73 161 52 199 151 297 201 167
14
0 171 237 115 102 240 248 192 212 288 14 101 130 299
17
0 259 23 80 118 77 147 30 7 34 72 110 284 18 228 266 188
17
0 109 144 179 11 68 116 207 229 71 256 290 204 191 76 189 127
15
0 121 150 227 86 230 185 213 163 172 175 209 252 131 263
15
0 162 24 105 187 211 293 39 273 272 255 234 216 291 55
14
0 177 200 223 113 260 193 96 173 43 268 159 141 197

