small
small5
10
1.5426921844482422
0.7998930454254151
0.8939393939393939
0.618439471672343
4
0 3 4 10
6
0 1 9 6 5 2
3
0 8 7

large
large4
100
0.08659791946411133
0.08745403289794922
0.3921568627450981
0.19520395392199436
10
0 88 72 37 58 76 40 18 86 29
8
0 3 82 56 89 22 25 51
17
0 44 16 28 52 60 94 83 78 57 9 65 93 38 80 8 66
10
0 59 75 87 31 32 55 81 20 10
8
0 17 47 35 41 45 21 73
12
0 67 71 19 97 54 4 69 85 15 30 2
9
0 61 95 62 48 1 7 50 91
16
0 34 74 13 92 64 43 46 100 63 36 42 27 99 49 33
12
0 14 5 26 23 6 39 70 84 98 53 12
8
0 24 90 11 68 77 79 96

very-large
very-large6
200
0.33735013008117676
0.3398327589035034
0.46153846153846156
0.1589407276697939
20
0 174 154 159 8 15 13 36 79 105 168 179 183 98 147 62 84 117 55 170
24
0 51 49 22 162 189 71 114 196 158 107 103 191 145 122 66 33 97 186 108 173 17 109 90
18
0 136 128 75 124 177 195 146 16 70 26 43 149 82 28 100 19 91
18
0 200 153 29 116 190 133 88 18 63 56 167 95 175 92 12 24 187
15
0 96 57 93 150 127 129 5 68 141 53 6 165 123 34
22
0 21 118 69 39 172 101 155 7 4 130 10 192 193 52 199 25 60 1 65 67 94
22
0 59 87 120 188 42 2 134 198 73 27 38 184 142 14 121 44 50 143 185 9 99
28
0 80 54 125 169 176 138 61 157 156 74 11 106 76 35 40 113 37 41 131 72 31 83 197 23 194 152 20
17
0 178 181 45 30 85 160 119 180 110 166 111 139 148 48 3 115
26
0 89 104 182 151 58 46 171 144 78 163 126 137 112 140 81 77 161 102 135 47 86 64 164 132 32

enormous
enormous4
300
0.07150697708129883
0.07398738861083984
0.95
0.8351066129253546
14
0 73 235 89 184 27 121 5 257 258 280 191 51 217
14
0 228 18 145 173 269 181 165 158 42 208 162 212 154
13
0 300 126 20 288 91 203 293 204 12 142 256 3
16
0 267 7 252 247 123 24 49 170 17 134 284 83 189 197 171
14
0 38 23 25 249 144 220 13 11 238 190 106 97 19
17
0 166 31 94 58 285 199 279 153 85 206 164 59 221 103 113 278
22
0 187 216 271 292 150 108 16 64 45 157 200 9 243 169 68 160 268 155 10 186 143
11
0 47 76 260 223 4 139 299 124 44 46
19
0 231 29 32 272 70 263 138 119 84 259 130 37 151 295 146 129 168 266
13
0 34 111 26 214 33 163 188 254 290 36 53 207
15
0 242 109 241 248 128 43 95 297 291 175 262 265 261 287
14
0 149 99 8 82 176 115 196 105 194 274 125 210 224
16
0 60 182 107 253 72 296 67 56 226 234 39 136 141 250 52
14
0 61 255 298 294 283 178 2 55 78 66 177 244 50
17
0 179 69 289 222 104 40 88 35 114 211 230 117 101 127 133 275
20
0 135 202 198 54 237 81 232 218 195 273 180 77 80 148 28 213 14 185 120
19
0 93 219 276 225 75 161 57 201 282 90 15 63 240 86 79 102 30 239
22
0 174 192 172 71 140 92 246 236 87 22 100 281 277 137 132 96 110 286 98 65 205
14
0 21 152 156 193 270 131 264 159 147 245 41 6 122
16
0 1 215 251 229 74 209 112 116 227 48 233 167 118 183 62

