enormous
enormous8
300
0.07905292510986328
0.07958950996398925
1.0
0.8247969649168277
21
0 199 210 82 172 96 233 80 115 136 184 8 16 162 45 228 23 98 128 37 42
11
0 287 33 248 29 68 300 242 135 218 32
11
0 173 268 239 35 243 125 281 272 252 18
17
0 127 99 20 61 256 181 142 274 27 245 3 222 111 39 71 19
14
0 187 259 65 114 164 271 56 291 22 46 229 41 261
19
0 255 25 286 221 178 232 74 50 64 179 4 57 67 58 183 92 62 105
8
0 141 155 282 247 138 249 216
20
0 13 223 112 211 193 95 267 129 176 48 192 203 220 130 161 73 284 273 121
16
0 206 11 297 66 175 241 49 118 31 159 265 170 152 75 298
17
0 124 12 109 102 214 140 158 70 292 169 209 258 217 36 137 230
17
0 17 279 263 83 163 116 240 204 79 276 195 40 251 51 143 72
11
0 289 190 122 81 244 132 200 283 148 202
16
0 87 69 246 104 167 290 234 146 106 144 253 212 145 205 134
14
0 213 9 186 238 14 208 235 219 278 76 131 154 90
14
0 6 157 207 15 226 133 7 225 21 78 47 93 54
16
0 53 288 97 224 215 63 260 296 85 52 197 191 160 275 294
18
0 30 150 91 196 1 257 126 227 59 156 28 10 280 107 264 108 119
17
0 60 250 89 185 266 198 168 188 26 86 174 55 201 171 77 299
23
0 117 113 43 231 270 180 5 194 237 103 285 189 24 269 182 94 149 100 262 166 165 293
20
0 236 139 101 2 153 151 147 277 123 38 88 84 44 34 254 177 295 120 110

