20
1
0 
23
0 30 147 95 9 48 37 176 14 155 250 190 55 173 26 148 10 5 51 105 273 17 80 
1
0 
20
0 159 180 4 194 118 133 261 225 252 243 246 50 65 166 257 74 54 276 150 
23
0 131 85 29 68 58 70 90 164 293 284 295 233 36 42 19 113 196 47 151 232 214 278 
29
0 185 88 60 111 266 188 289 270 127 237 227 238 134 169 99 103 277 45 97 96 106 239 135 213 43 236 294 223 
25
0 256 21 179 35 208 253 39 244 279 120 205 84 3 209 34 248 283 89 77 193 160 56 299 177 
27
0 121 49 262 203 220 275 191 146 2 108 280 158 62 28 154 269 128 282 112 115 109 52 94 81 206 87 
22
0 291 25 78 73 260 300 211 210 79 11 247 298 66 242 125 215 76 93 171 140 212 
30
0 23 274 288 296 126 281 119 101 228 124 91 22 217 92 123 114 157 264 64 172 161 221 163 198 249 226 153 141 271 
1
0 
1
0 
1
0 
24
0 72 130 59 83 167 174 245 32 251 192 219 116 230 6 7 145 27 235 200 183 53 149 189 
1
0 
1
0 
19
0 152 104 204 61 82 107 38 240 234 229 286 265 222 33 100 67 187 18 
32
0 24 162 15 136 175 71 255 268 182 139 142 98 241 202 170 137 207 267 259 168 117 218 285 292 258 197 201 86 40 216 44 
25
0 63 132 8 16 1 181 263 69 46 297 57 224 184 75 231 129 178 165 143 102 31 144 122 12 
14
0 41 272 290 13 199 156 138 110 20 254 186 287 195 
56
