20
28
0 245 185 143 15 127 285 247 282 120 11 31 25 265 237 261 89 72 26 47 97 181 250 220 169 189 269 192 
21
0 225 221 103 280 102 167 41 56 125 190 188 165 35 270 152 109 68 121 138 161 
11
0 209 77 235 184 5 253 122 128 213 70 
38
0 67 278 28 139 206 212 254 6 232 236 274 87 293 63 45 135 230 251 208 276 182 79 1 2 157 259 287 20 51 88 33 151 92 218 281 101 300 
19
0 146 222 52 140 227 74 131 179 115 214 171 264 50 9 299 267 191 60 
19
0 64 22 238 34 124 42 228 298 93 99 243 196 117 252 277 80 27 266 
24
0 263 73 10 112 175 133 275 186 148 95 173 36 13 155 147 160 180 32 170 85 174 211 255 
1
0 
23
0 241 153 8 58 21 38 81 199 3 37 69 86 116 256 178 202 229 107 150 96 39 71 
1
0 
1
0 
1
0 
27
0 217 262 66 286 195 114 201 132 168 224 203 177 62 136 258 268 105 119 100 65 248 273 123 24 242 145 
1
0 
21
0 197 18 187 46 291 292 172 166 104 249 76 7 110 12 210 91 142 207 59 4 
26
0 29 216 17 55 162 61 16 53 44 43 198 84 137 154 164 126 149 193 129 54 19 284 279 14 271 
21
0 231 183 260 294 272 130 156 111 78 108 194 141 83 257 240 239 40 48 234 200 
1
0 
1
0 
35
0 288 158 98 23 30 296 106 290 223 90 163 219 118 246 295 159 289 226 82 176 297 283 233 204 49 205 244 144 215 113 75 94 134 57 
61
