20
26
0 15 122 138 135 263 113 103 251 80 30 240 12 299 5 9 210 224 133 275 121 68 116 85 206 109 
10
0 93 73 171 76 54 58 114 35 282 
40
0 38 288 146 295 120 294 91 289 222 228 241 130 152 249 161 160 268 37 259 111 203 150 64 32 50 42 49 170 153 215 214 29 231 167 4 52 90 78 21 
26
0 60 89 173 59 201 140 168 125 239 211 199 279 123 253 229 269 155 46 62 20 126 205 67 280 271 
1
0 
1
0 
1
0 
1
0 
28
0 179 51 182 223 183 254 63 71 235 218 232 119 164 139 194 172 221 204 293 298 65 112 287 252 247 296 291 
1
0 
1
0 
28
0 156 185 265 262 186 250 157 209 260 272 26 10 184 188 88 274 134 34 187 2 124 128 151 227 290 23 196 
25
0 44 197 300 243 169 276 225 285 226 101 127 77 189 43 24 245 292 55 136 39 48 233 86 131 
28
0 149 283 178 273 70 45 105 181 16 159 158 242 129 115 176 190 106 97 286 264 33 154 87 22 100 95 193 
7
0 31 27 166 108 3 57 
21
0 6 41 207 175 118 248 56 163 297 144 94 99 8 238 147 217 79 74 246 236 
1
0 
22
0 47 281 234 198 284 75 117 267 84 257 143 200 220 92 141 219 258 278 14 13 11 
33
0 1 216 25 83 102 195 244 177 69 28 148 107 261 18 145 142 72 98 137 213 266 191 192 174 19 7 277 212 162 208 82 66 
19
0 230 256 202 270 180 110 96 17 36 53 165 237 81 255 61 132 40 104 
60
