20
31
0 219 228 171 45 4 127 272 139 263 247 223 26 274 70 78 98 108 198 196 19 119 14 17 43 83 148 102 225 207 202 
1
0 
1
0 
1
0 
1
0 
1
0 
18
0 46 265 195 290 284 63 271 222 193 166 76 140 56 204 48 49 77 
8
0 27 150 75 58 105 10 18 
1
0 
33
0 86 282 283 227 40 69 8 126 240 120 197 218 55 163 2 151 168 131 246 132 248 162 22 32 298 183 189 37 167 180 179 133 
21
0 208 103 134 11 253 181 21 61 25 112 188 254 60 65 191 118 129 136 262 59 
34
0 279 185 244 81 90 205 109 211 231 241 97 161 285 44 117 38 100 258 242 74 170 217 250 232 36 137 266 294 295 243 280 110 261 
1
0 
1
0 
37
0 80 155 67 144 91 39 281 13 278 47 145 239 275 173 291 116 200 23 192 190 50 187 138 287 107 149 230 216 88 146 184 20 233 215 54 51 
43
0 176 111 135 214 15 101 186 220 224 199 158 236 288 297 141 164 3 66 238 213 292 269 267 175 293 277 245 153 273 286 209 201 114 41 178 260 113 182 299 71 34 123 
43
0 156 82 252 72 6 259 289 296 174 229 234 203 9 257 96 276 172 147 95 159 64 235 115 255 270 85 35 143 160 125 251 30 128 79 154 256 93 16 122 33 62 212 
1
0 
27
0 73 152 226 42 87 121 124 57 12 264 210 29 68 206 52 142 165 194 237 92 249 24 28 99 104 7 
16
0 130 1 177 268 221 300 84 157 5 106 169 89 31 53 94 
69
