20
1
0 
23
0 121 42 296 252 68 90 72 102 155 101 260 139 173 111 99 62 217 234 163 6 44 49 
28
0 60 138 206 188 262 151 269 280 64 160 183 257 291 165 180 87 159 284 220 278 196 110 178 242 205 98 141 
23
0 18 169 144 236 198 245 294 261 277 115 19 24 13 16 164 23 170 202 93 11 88 150 
29
0 74 95 113 197 55 56 51 153 227 25 147 194 229 264 281 105 246 275 285 279 298 65 293 103 276 295 27 225 
7
0 66 119 226 286 271 270 
23
0 7 14 78 48 37 84 46 89 299 255 195 156 123 254 32 132 70 91 290 259 233 117 
1
0 
1
0 
1
0 
1
0 
31
0 28 216 92 241 258 45 162 213 79 193 142 240 263 267 266 109 168 190 83 17 199 210 100 272 182 211 73 3 201 54 
29
0 230 126 175 247 185 5 288 137 274 228 177 85 179 38 249 108 61 203 31 204 187 134 209 94 58 129 4 53 
15
0 192 130 237 251 50 212 2 172 59 287 273 215 154 250 
15
0 107 157 224 26 63 29 127 146 106 20 207 167 191 174 
25
0 10 41 135 9 143 161 104 158 81 12 67 189 222 265 97 186 114 131 244 297 133 292 283 43 
26
0 256 36 219 57 289 96 248 80 116 145 47 232 148 1 218 82 30 253 243 238 118 214 140 152 86 
17
0 52 39 15 181 69 239 125 282 35 176 136 75 149 8 77 22 
23
0 33 235 231 71 122 268 124 223 21 184 112 208 40 171 34 166 221 200 128 300 76 120 
1
0 
51
