20
29
0 234 74 258 199 125 206 170 133 101 272 76 99 45 135 88 286 124 293 24 277 212 4 239 166 60 3 180 41 
42
0 273 141 295 232 156 231 10 276 16 145 5 75 194 118 26 132 79 123 148 27 117 90 182 254 69 71 249 274 115 150 290 186 201 48 257 103 28 119 13 237 172 
25
0 168 2 209 18 181 20 42 291 68 256 83 241 78 275 252 211 238 56 183 66 121 205 59 285 
1
0 
25
0 73 85 46 189 25 33 169 102 54 122 11 138 288 140 195 62 53 255 200 244 7 266 149 264 
1
0 
1
0 
1
0 
1
0 
15
0 221 281 216 229 297 63 80 100 65 113 112 246 120 51 
25
0 247 144 242 32 279 39 116 176 278 143 215 86 40 158 97 193 95 240 287 6 175 282 261 217 
37
0 147 155 248 187 110 298 14 17 93 270 280 157 299 57 30 292 165 263 58 203 38 300 228 218 35 171 296 198 226 67 111 136 98 210 178 61 
1
0 
1
0 
23
0 91 196 191 81 204 154 77 153 177 34 89 160 107 222 184 96 202 142 44 49 29 294 
1
0 
26
0 271 224 227 190 137 22 174 129 126 213 235 139 31 151 152 23 162 104 161 283 207 131 92 70 134 
1
0 
26
0 260 114 50 106 127 130 268 188 250 220 284 108 164 236 267 192 214 233 55 72 230 12 208 21 82 
38
0 15 179 128 9 167 173 269 146 251 185 37 259 47 219 225 105 265 19 262 289 223 43 8 1 64 159 36 109 94 84 52 243 87 197 163 253 245 
70
