20
51
0 240 256 299 243 282 73 227 263 63 215 92 291 84 279 72 212 298 281 129 193 258 242 128 270 190 221 135 157 137 164 188 75 4 260 296 107 5 280 232 22 239 268 295 231 71 43 87 48 288 86 
32
0 62 113 149 262 85 97 269 148 34 19 114 60 10 151 272 172 112 229 31 158 177 162 266 264 91 224 255 109 99 93 58 
1
0 
1
0 
1
0 
1
0 
35
0 186 181 102 76 185 217 1 153 275 187 180 142 234 210 15 145 150 253 237 183 24 52 61 289 196 159 103 147 32 139 170 37 13 3 
1
0 
37
0 30 81 55 88 184 287 98 160 247 54 83 143 40 122 110 65 204 248 74 165 273 250 230 300 146 168 283 293 254 290 219 218 12 9 132 80 
1
0 
27
0 278 25 46 70 50 20 116 189 42 174 155 100 57 163 154 101 16 246 238 26 201 134 191 125 220 27 
1
0 
39
0 171 213 120 39 214 2 124 127 292 209 6 176 241 167 205 286 130 141 14 277 223 47 257 199 82 106 56 33 94 29 11 53 123 49 166 18 249 206 
1
0 
1
0 
1
0 
1
0 
38
0 95 59 36 169 138 115 244 236 90 117 182 118 198 126 77 38 179 41 21 161 252 111 45 208 175 267 152 44 271 79 233 192 35 69 211 207 195 
1
0 
49
0 7 104 121 225 51 136 222 156 285 108 89 68 140 259 64 66 131 284 226 28 261 276 202 228 144 96 245 274 235 78 17 105 297 173 119 23 8 216 265 194 67 203 251 294 178 133 200 197 
89
