20
17
0 2 90 172 191 118 49 22 84 156 177 189 24 182 235 146 37 
38
0 117 209 125 50 16 104 246 69 43 38 88 66 178 4 228 71 31 54 17 207 180 270 121 161 247 20 152 77 171 257 137 230 289 184 299 108 259 
13
0 183 127 176 48 59 286 212 300 253 51 293 1 
27
0 87 93 14 169 203 238 227 82 154 233 133 251 40 165 296 85 274 282 92 288 267 56 198 265 147 12 
1
0 
1
0 
29
0 236 39 201 256 61 53 30 166 76 298 141 32 223 260 80 250 187 213 195 145 248 219 120 52 206 99 35 78 
1
0 
22
0 264 107 96 262 73 150 91 9 205 162 158 140 41 261 279 81 175 114 234 151 192 
1
0 
1
0 
32
0 65 200 210 72 239 97 291 196 57 214 109 102 222 215 7 217 153 273 194 105 62 231 249 70 241 269 116 278 190 74 63 
1
0 
40
0 13 89 10 3 208 160 159 281 202 186 179 64 25 164 188 243 258 98 240 232 237 174 130 220 47 295 225 128 218 139 168 255 135 132 29 277 263 106 211 
27
0 113 181 142 75 221 21 18 271 272 297 167 290 19 224 5 68 79 123 124 55 157 131 11 28 8 111 
1
0 
26
0 44 34 254 292 119 23 100 252 136 115 45 60 143 170 26 185 280 155 144 33 287 15 226 122 36 
40
0 199 216 163 95 193 276 283 148 103 285 242 266 94 149 58 67 173 268 46 229 129 134 126 197 294 275 101 244 284 86 245 27 138 6 110 204 83 112 42 
1
0 
1
0 
67
