20
21
0 75 91 86 8 46 163 286 107 226 200 276 207 124 47 64 106 89 93 170 266 
24
0 99 29 261 239 260 92 57 103 85 179 125 104 180 264 275 188 53 116 81 243 18 185 213 
20
0 41 82 291 109 234 138 66 13 258 135 210 136 238 17 58 241 31 186 97 
10
0 48 205 87 149 68 11 279 74 201 
22
0 231 134 44 132 15 54 199 52 161 73 122 160 203 212 192 121 246 290 256 253 194 
25
0 202 189 217 225 108 250 90 137 155 248 6 112 21 35 38 7 34 12 157 183 25 169 230 281 
8
0 270 190 196 56 263 37 123 
17
0 60 211 293 144 235 262 173 96 255 84 252 209 175 172 113 158 
18
0 49 165 272 152 283 5 2 153 216 233 143 259 23 265 271 240 102 
18
0 208 76 42 67 218 59 174 244 50 145 98 171 237 115 1 95 120 
8
0 300 26 277 62 224 232 117 
27
0 94 297 245 176 219 129 139 220 79 292 222 274 100 118 77 198 45 282 164 80 242 20 28 30 193 151 
18
0 43 221 184 71 287 131 254 249 223 167 22 40 168 61 105 24 3 
1
0 
27
0 162 285 191 204 278 294 284 229 299 130 39 273 69 114 147 236 148 214 27 178 9 257 166 269 128 55 
19
0 126 247 16 280 154 78 206 150 227 88 159 268 181 195 289 83 32 19 
1
0 
1
0 
20
0 177 215 142 65 187 127 4 228 111 140 14 101 251 119 36 288 72 110 146 
15
0 156 70 295 298 296 267 133 33 63 182 51 10 141 197 
46
