20
39
0 221 223 190 142 189 239 272 109 284 138 246 281 186 39 144 55 130 119 29 41 269 106 249 26 201 38 129 292 18 212 238 198 84 264 104 44 205 244 
13
0 233 58 77 98 160 229 95 61 291 35 12 33 
1
0 
21
0 202 80 64 43 66 203 137 22 149 297 252 46 153 122 9 91 213 163 261 100 
21
0 30 75 173 88 97 123 31 86 276 215 240 14 83 69 247 166 7 273 156 250 
24
0 236 207 279 52 1 243 103 147 258 11 68 211 101 299 242 72 180 208 234 65 25 15 259 
5
0 188 53 67 148 
34
0 141 274 183 294 286 290 143 79 199 172 268 296 254 253 245 267 187 195 224 116 263 271 118 110 50 175 23 125 27 256 217 197 206 
19
0 157 155 135 181 112 277 71 209 266 40 74 227 2 62 92 56 34 265 
1
0 
1
0 
1
0 
1
0 
29
0 235 218 226 196 70 93 270 113 154 184 158 204 169 63 192 210 134 162 21 140 24 82 165 220 19 136 230 28 
18
0 219 37 194 260 298 5 171 121 120 248 105 51 85 8 76 117 60 
30
0 131 288 237 167 78 280 282 251 289 42 200 182 193 293 177 283 214 231 255 36 108 57 232 128 126 275 168 89 161 
23
0 3 102 262 48 178 257 150 170 6 114 124 87 127 287 4 241 151 32 278 222 146 47 
19
0 139 152 54 10 94 185 45 164 13 285 59 107 216 49 159 295 99 145 
1
0 
19
0 17 225 300 179 132 228 90 176 115 20 174 96 133 16 191 81 73 111 
54
