10
27
0 34 11 70 23 121 90 96 136 85 197 183 105 99 111 152 148 116 97 175 76 172 15 43 157 137 71 
23
0 47 122 103 93 159 144 178 64 106 74 10 91 153 133 59 8 26 77 165 16 151 24 
18
0 18 187 3 169 35 126 128 179 44 194 92 63 147 55 160 173 170 
23
0 48 156 189 49 1 69 79 185 155 174 193 154 184 22 112 199 39 120 188 78 2 53 
18
0 12 142 130 143 52 84 176 124 62 131 108 38 27 146 80 168 32 
24
0 94 132 163 40 181 186 123 191 37 19 145 107 141 87 9 29 198 190 88 125 95 98 140 
27
0 139 100 57 158 150 61 180 14 65 83 36 196 135 72 42 33 177 67 54 4 117 7 102 127 51 73 
20
0 200 41 162 161 6 166 60 192 149 13 167 86 20 50 66 182 113 109 5 
10
0 31 68 138 28 119 17 75 115 195 
20
0 118 101 30 164 129 89 58 21 25 46 134 56 110 82 114 171 45 81 104 
55
