10
17
0 77 149 36 68 67 24 69 98 164 139 126 157 16 192 82 34 
22
0 60 127 13 56 181 108 167 170 106 158 79 151 176 133 154 141 47 191 49 160 142 
18
0 28 144 172 147 10 115 168 162 132 173 194 85 146 117 35 134 153 
18
0 112 105 73 9 52 58 145 165 81 72 3 40 76 200 169 33 166 
22
0 178 17 152 119 30 90 32 87 86 143 196 57 175 93 156 48 109 120 182 62 39 
23
0 6 54 177 50 101 14 44 118 55 92 163 46 193 96 129 113 21 104 43 110 5 94 
25
0 63 42 121 186 83 59 22 199 123 31 70 97 198 27 1 4 18 155 195 136 171 26 130 161 
18
0 74 66 2 75 138 179 89 64 188 184 8 124 140 180 116 159 19 
19
0 41 150 135 61 102 71 111 185 65 15 23 91 84 80 38 7 29 12 
28
0 190 187 51 125 107 20 25 174 103 183 148 11 99 78 197 114 137 122 131 189 100 37 53 128 95 88 45 
56
