10
20
0 51 135 99 197 129 56 167 72 199 115 157 82 10 174 104 178 113 84 1 
16
0 2 17 85 141 111 149 4 94 160 53 68 43 106 6 148 
20
0 70 170 69 122 119 12 116 33 45 144 192 49 66 120 153 93 138 78 74 
18
0 91 96 7 126 75 181 48 103 162 182 31 90 189 163 50 25 185 
15
0 36 191 34 143 198 59 187 179 183 173 100 166 26 131 
25
0 22 97 3 61 114 5 64 27 128 88 110 142 40 30 83 190 9 132 172 81 193 134 184 109 
32
0 55 87 140 180 171 152 147 39 95 145 19 161 151 60 92 16 42 71 117 73 52 118 105 124 67 101 130 159 65 98 46 
18
0 76 127 86 28 102 158 154 136 15 80 38 112 139 177 21 41 24 
26
0 62 175 57 165 156 107 79 18 63 89 29 137 121 200 37 125 54 194 155 133 77 176 14 35 58 
20
0 146 169 8 195 47 13 20 168 196 164 44 186 23 108 188 11 32 150 123 
55
