10
11
0 159 47 9 119 124 144 186 60 187 115 
17
0 48 136 188 131 153 68 116 71 55 18 37 147 130 5 102 141 
13
0 199 107 87 35 45 167 53 28 91 143 193 57 
19
0 181 36 75 171 182 63 29 120 96 24 166 121 155 97 33 38 84 112 
22
0 128 42 140 39 41 127 40 25 168 198 173 72 175 184 152 7 14 190 30 66 78 
17
0 104 26 106 62 12 89 122 27 110 165 61 23 98 82 10 32 
33
0 31 154 158 191 20 194 64 70 109 108 161 163 192 157 69 142 93 92 58 8 88 197 135 50 174 176 146 145 6 169 17 43 
30
0 76 114 13 1 160 67 101 44 16 86 113 138 22 179 189 200 162 126 11 51 77 100 52 170 178 3 164 132 137 
17
0 4 172 15 21 118 83 85 129 49 103 74 123 148 150 19 65 
31
0 73 183 133 111 81 80 94 54 90 149 180 196 99 125 79 151 134 46 56 185 139 117 105 34 95 195 59 177 2 156 
64
