10
10
0 122 85 182 56 168 29 145 132 117 
18
0 191 23 190 103 27 81 5 96 67 70 152 165 159 200 57 18 194 
26
0 164 124 147 11 131 171 175 137 187 80 113 100 62 162 94 49 91 197 82 118 157 12 66 151 72 
19
0 24 158 163 54 138 173 26 198 188 149 17 52 114 155 148 77 180 34 
17
0 71 1 192 116 184 172 133 185 78 90 174 74 98 93 196 119 
20
0 195 189 169 130 150 61 38 33 83 89 43 59 183 142 199 193 4 144 7 
33
0 102 47 20 179 40 65 186 10 99 129 110 111 44 48 136 167 112 127 35 22 125 107 69 14 126 178 101 146 105 135 109 177 
18
0 3 42 45 32 120 16 68 55 51 87 39 64 9 140 121 88 84 
22
0 63 123 139 73 170 36 166 58 6 104 95 128 108 37 2 97 79 106 176 21 28 
27
0 92 60 31 143 115 154 141 46 13 75 30 19 181 41 153 8 156 53 161 134 50 25 86 15 76 160 
57
