10
23
0 163 158 148 54 38 119 101 90 155 170 12 160 89 57 128 177 69 189 124 108 150 115 
19
0 138 143 22 47 3 131 132 198 82 165 6 185 59 86 11 127 41 92 
15
0 125 10 111 31 126 19 166 140 149 68 157 112 196 84 
20
0 49 94 152 146 118 159 182 46 32 121 15 123 153 97 200 105 75 8 50 
18
0 24 42 34 187 186 25 2 102 162 72 109 65 133 9 63 74 26 
24
0 58 122 21 199 103 184 136 180 23 154 169 107 190 4 130 43 194 80 7 55 167 144 85 
23
0 18 113 104 78 193 120 173 183 83 96 191 188 53 195 39 44 87 37 70 99 176 29 
31
0 145 35 60 51 134 141 16 79 98 13 27 1 81 175 156 172 36 142 161 5 179 171 93 100 14 33 147 56 139 116 
23
0 48 95 61 45 88 67 106 110 62 197 168 135 64 114 174 91 71 129 76 178 52 30 
14
0 40 151 77 181 73 192 17 28 164 137 117 20 66 
64
