10
23
0 154 145 161 102 184 133 51 49 149 152 32 190 70 9 150 132 166 24 16 35 114 153 
27
0 67 137 112 117 55 197 83 182 151 50 52 199 82 33 97 106 64 90 58 127 93 183 139 175 37 113 
19
0 21 165 15 8 129 85 160 77 41 193 188 79 156 189 162 68 141 43 
22
0 89 48 69 118 158 176 103 134 198 26 168 25 195 14 31 72 45 107 88 17 18 
19
0 84 65 1 196 121 125 104 57 36 142 111 124 73 109 95 187 123 42 
14
0 5 96 76 119 115 135 47 100 19 116 29 147 120 
15
0 174 148 157 59 44 146 171 46 38 27 110 61 78 163 
27
0 92 2 80 99 169 30 34 178 13 180 192 86 105 126 81 181 194 172 101 186 98 62 173 131 122 66 
18
0 60 39 40 144 56 167 191 128 23 71 63 108 130 10 12 177 22 
26
0 200 185 143 54 7 155 140 20 179 28 74 11 159 164 138 94 75 136 53 6 87 91 170 4 3 
65
