10
6
0 24 27 176 64 22 
22
0 167 96 2 194 137 149 33 200 86 21 60 160 83 35 190 117 130 29 36 49 56 
21
0 109 178 147 25 85 185 150 151 110 177 163 28 13 103 153 115 45 34 171 1 
18
0 32 15 104 123 91 71 108 119 139 107 125 76 16 121 72 20 31 
20
0 155 179 44 73 30 88 143 90 170 55 118 6 11 26 12 101 66 161 92 
21
0 145 142 87 162 69 51 188 5 133 9 134 4 165 158 106 122 112 68 199 186 
33
0 136 48 74 198 192 138 54 129 114 191 128 154 152 82 124 40 126 75 10 62 181 148 174 131 140 19 116 195 113 182 97 58 
26
0 120 39 175 132 196 89 99 141 93 166 180 50 81 95 127 7 105 197 65 156 47 184 78 111 23 
23
0 157 159 168 146 18 79 41 52 70 80 53 38 173 172 61 100 94 17 183 187 98 57 
20
0 67 37 135 3 189 14 63 164 77 46 43 84 8 144 169 193 59 42 102 
58
