10
20
0 21 66 58 113 70 9 2 3 55 33 15 88 135 62 150 138 194 106 180 
24
0 125 103 37 160 81 57 156 67 48 116 117 198 159 115 26 148 72 105 126 42 111 191 170 
22
0 177 174 40 140 188 87 50 168 147 107 89 53 130 8 146 12 139 75 61 193 19 
27
0 7 22 44 181 137 190 99 13 196 91 29 77 184 128 187 122 129 134 80 158 59 121 119 131 110 63 
20
0 65 169 94 23 143 10 132 179 120 49 153 76 195 24 114 78 189 154 35 
29
0 47 4 176 74 6 39 41 30 118 45 172 155 162 108 173 183 161 166 149 71 185 182 144 64 200 1 86 112 
18
0 164 167 73 69 175 171 152 18 31 186 109 56 145 17 192 46 14 
14
0 199 100 60 163 34 32 101 123 82 136 5 54 16 
16
0 95 178 151 38 83 157 93 98 165 127 28 52 27 141 102 
20
0 11 25 197 51 68 84 96 36 92 142 124 85 79 20 97 90 104 133 43 
47
