small
small6
10
0.0
0.0
1.0
0.8124915511225336
5
0 5 1 3 4
5
0 9 2 10 7
3
0 6 8

large
large3
100
0.005975246429443359
0.0055015325546264645
1.0
0.6923124876427906
11
0 19 54 45 72 65 97 44 12 70 78
16
0 94 57 14 74 56 46 51 37 6 68 32 7 3 58 69
15
0 91 28 42 18 85 43 13 79 90 99 27 1 29 20
14
0 17 53 64 24 88 9 98 62 55 89 83 47 87
10
0 33 80 23 77 5 66 76 84 52
13
0 82 60 30 11 8 63 75 95 73 61 100 16
11
0 4 40 25 15 86 92 93 26 50 31
6
0 41 49 10 2 38
5
0 36 34 71 22
9
0 81 48 96 59 35 21 39 67

very-large
very-large9
200
0.02113485336303711
0.021343088150024413
1.0
0.8432513622733655
24
0 200 41 29 19 94 75 37 107 116 148 38 1 49 57 106 64 178 144 150 149 153 133 28
23
0 47 26 11 58 21 25 160 93 77 95 53 159 189 56 134 152 137 197 85 86 191 138
18
0 118 112 22 54 4 175 76 10 74 61 108 145 185 155 70 31 199
22
0 18 100 45 79 91 166 6 39 120 33 177 80 146 27 13 167 15 78 188 170 97
22
0 139 163 36 5 102 127 51 117 7 111 99 105 183 92 63 68 35 72 135 104 81
24
0 34 46 147 55 30 101 90 2 151 24 126 17 119 142 130 171 187 32 168 173 174 193 136
19
0 110 82 114 16 165 143 52 196 125 88 190 198 158 71 96 44 132 42
20
0 12 66 182 113 103 122 48 156 131 184 154 161 162 23 121 115 195 128 179
21
0 192 60 20 50 73 140 98 123 180 14 65 8 59 194 3 169 141 87 9 172
17
0 40 157 43 84 176 124 62 67 83 164 129 89 69 109 181 186

enormous
enormous10
300
0.08751392364501953
0.0893894910812378
0.9130434782608696
0.6958888117380265
15
0 202 21 139 41 82 158 129 84 224 279 74 236 133 210
19
0 271 35 36 119 44 33 63 182 17 233 143 16 154 247 281 230 131 254
20
0 286 42 67 137 32 83 220 257 166 264 13 4 110 146 168 40 85 103 215
18
0 300 26 170 1 136 3 222 70 92 57 94 156 111 228 266 188 15
21
0 10 51 262 235 87 45 62 98 145 50 244 174 59 218 278 294 274 190 270 276
17
0 48 8 46 79 78 206 107 184 221 261 239 117 267 134 140 198
16
0 49 165 88 81 243 142 65 253 194 100 275 47 124 238 295
17
0 75 155 53 22 29 132 282 164 128 269 97 216 234 138 265 263
16
0 99 5 2 89 93 153 245 176 219 125 181 195 289 292 285
21
0 169 25 183 157 54 148 214 27 114 108 152 91 61 66 290 204 249 223 151 297
12
0 208 9 178 186 31 95 120 115 191 76 189
19
0 231 64 56 196 69 12 149 38 277 287 242 172 163 37 123 252 209 175
12
0 126 135 6 112 180 104 217 225 20 127 19
14
0 60 203 160 122 73 161 52 199 96 173 43 90 250
15
0 237 102 240 248 192 212 14 101 130 299 58 241 201 106
14
0 259 23 80 118 77 147 30 7 34 72 258 280 246
12
0 109 144 179 11 68 116 207 229 71 256 167
15
0 121 150 227 86 185 213 268 159 251 18 284 197 141 205
12
0 162 24 105 187 211 293 39 273 272 255 171
15
0 177 200 113 193 260 291 55 298 296 232 283 226 288 28

