small
small6
10
0.173414945602417
0.17649810314178466
1.0
0.806078803357279
5
0 5 1 3 4
5
0 9 2 10 7
3
0 6 8

large
large3
100
0.7488837242126465
0.7534920930862427
1.0
0.8768215219845399
10
0 19 54 45 22 72 65 97 44 12
15
0 69 94 57 14 74 56 46 51 31 37 6 68 32 7
16
0 91 28 42 18 85 43 13 79 90 99 27 1 29 20 70
14
0 17 58 53 64 24 88 9 98 62 55 89 83 47
10
0 33 80 23 77 5 66 76 84 52
12
0 82 60 30 11 8 63 75 95 73 3 16
12
0 4 40 25 15 86 92 93 26 50 61 100
7
0 21 41 49 10 2 38
6
0 36 34 71 39 67
8
0 81 48 96 59 35 87 78

very-large
very-large10
200
1.5355970859527588
1.5271366357803344
0.984375
0.9164429524236951
19
0 73 171 72 189 19 150 132 164 187 115 94 54 90 78 66 53 85 12
26
0 76 24 114 11 126 81 162 70 64 194 26 172 75 92 58 112 160 67 166 101 44 178 3 198 168
20
0 104 88 8 43 6 60 186 144 127 41 40 197 135 195 95 89 122 124 17
19
0 13 1 87 107 153 29 86 16 14 110 21 169 22 138 113 91 184 152
22
0 63 182 148 123 74 25 47 49 103 121 145 52 37 165 141 102 77 151 7 96 120
22
0 128 196 180 149 23 51 42 140 39 50 36 9 119 65 167 62 106 192 157 143 193
18
0 161 108 27 18 175 129 4 20 146 176 174 79 125 30 190 147 131
20
0 31 98 183 35 188 84 38 111 133 170 69 179 142 93 158 59 177 2 159
24
0 100 28 137 191 10 32 80 33 97 154 130 5 34 105 117 139 118 156 83 199 45 82 155
20
0 15 57 185 56 46 134 116 68 200 181 71 163 109 55 48 136 99 61 173

enormous
enormous10
300
3.863602876663208
3.9832130432128907
0.8478260869565217
0.6274278717178646
17
0 202 21 139 41 82 158 129 84 224 279 74 236 13 258 280 246
17
0 271 35 36 119 251 44 33 63 182 17 233 143 16 154 247 281
16
0 286 42 67 137 32 83 220 15 257 166 269 97 146 168 19
19
0 300 26 134 215 170 1 136 3 222 70 92 57 103 85 40 250 90 106
17
0 10 287 51 262 235 87 45 62 98 145 50 244 198 140 111 156
20
0 48 8 46 79 78 206 107 184 221 261 239 152 283 28 226 91 61 66 138
15
0 49 165 265 88 81 243 142 65 253 194 217 104 232 117
18
0 75 155 53 22 29 132 282 264 164 128 20 242 4 123 37 58 241
18
0 99 5 2 89 93 153 245 176 219 125 181 195 289 225 267 133 210
17
0 169 25 183 157 148 54 174 59 218 278 294 274 190 270 276 108
17
0 208 9 178 186 31 95 120 114 254 249 27 214 100 275 47 124
12
0 231 64 56 196 69 12 149 38 277 238 295
12
0 126 94 135 6 112 180 298 296 292 285 205
13
0 60 203 160 122 73 161 52 199 151 297 201 167
14
0 171 237 115 102 240 248 192 212 288 14 101 130 299
17
0 259 23 80 118 77 147 30 7 34 72 110 284 18 228 266 188
17
0 109 144 179 11 68 116 207 229 71 256 290 204 191 76 189 127
15
0 121 150 227 86 230 185 213 163 172 175 209 252 131 263
15
0 162 24 105 187 211 293 39 273 272 255 234 216 291 55
14
0 177 200 223 113 260 193 96 173 43 268 159 141 197

