small
small5
10
0.468703031539917
0.45686907768249513
1.0
0.5789764321860116
7
0 1 2 5 6 9 10
3
0 3 7
3
0 4 8

large
large5
100
0.001971006393432617
0.3449104785919189
0.7671232876712328
0.29706705955982404
11
0 21 63 23 55 1 24 27 78 29 74
11
0 28 66 49 31 99 89 57 25 2 52
10
0 22 64 3 77 73 88 34 30 37
13
0 81 94 47 45 50 72 51 4 54 79 65 84
10
0 5 61 10 13 67 14 62 76 98
13
0 6 39 59 41 8 15 80 17 16 69 71 93
11
0 85 36 35 83 7 68 38 92 9 40
9
0 33 70 97 11 20 42 53 58
17
0 43 12 44 19 75 87 86 91 82 56 46 48 96 60 90 100
5
0 18 95 26 32

very-large
very-large9
200
0.016131162643432617
0.0134202241897583
0.1311475409836066
0.05123758378422031
20
0 143 55 184 60 98 1 16 164 32 77 136 103 190 193 131 156 61 157 199
24
0 2 183 179 185 7 19 33 87 167 5 51 161 145 11 86 75 68 153 35 66 79 132 158
18
0 47 3 139 13 74 8 42 172 112 196 53 127 133 176 160 149 177
22
0 73 20 37 97 41 67 4 28 39 195 54 144 72 163 81 99 141 82 154 83 96
19
0 106 109 180 110 40 26 102 6 9 142 124 137 27 93 129 147 168 189
22
0 198 62 78 63 181 128 173 100 64 175 117 10 70 88 71 165 80 174 182 95 85
20
0 12 197 122 101 22 21 192 126 65 118 14 171 194 166 135 49 119 121 125
22
0 57 111 91 56 89 15 107 148 115 113 30 120 155 76 31 134 34 50 38 169 186
19
0 150 114 146 25 17 116 36 138 23 59 69 43 58 94 152 200 105 140
24
0 151 104 44 92 90 45 24 52 187 159 18 191 29 130 46 170 48 84 178 108 188 123 162

enormous
enormous3
300
0.0180513858795166
0.020575523376464844
0.9325842696629214
0.7158645997082347
15
0 94 230 1 96 97 269 108 159 167 103 118 181 187 272
15
0 124 280 232 2 126 289 135 127 5 209 29 157 161 298
18
0 229 3 214 268 241 216 128 4 120 18 178 121 182 234 265 244 273
11
0 6 130 258 149 10 12 15 17 76 247
19
0 7 21 92 9 22 40 8 20 82 277 221 101 226 102 270 116 189 251
17
0 171 184 224 172 81 11 84 106 239 300 136 174 259 235 274 297
17
0 13 165 275 236 198 23 217 152 14 183 26 115 154 155 238 246
16
0 146 125 16 114 19 140 284 148 249 151 160 179 205 286 288
20
0 62 134 54 173 52 119 296 220 24 215 63 255 65 110 74 143 276 261 267
15
0 137 123 88 107 225 252 25 46 42 212 141 176 203 211
17
0 158 204 56 196 253 150 27 31 70 262 138 71 113 142 166 185
18
0 266 201 295 28 87 57 100 190 260 32 78 61 79 111 133 200 285
14
0 30 129 34 213 145 60 77 188 164 197 233 222 227
14
0 278 91 33 240 37 292 67 105 248 153 242 279 294
15
0 192 281 199 35 206 163 38 169 175 228 245 257 283 293
15
0 95 59 104 282 36 44 147 75 83 112 117 243 254 290
17
0 69 195 207 256 299 39 193 73 287 93 99 109 139 170 210 271
16
0 186 264 194 85 41 156 98 48 90 223 162 177 191 219 250
14
0 47 43 51 66 55 68 86 72 89 122 144 231 291
17
0 49 218 237 208 45 58 131 180 53 50 64 168 80 132 202 263

