small
small3
10
0.0020265579223632812
0.0020142316818237303
0.9879518072289156
0.49509136390616837
3
0 1 7
3
0 9 10
7
0 2 3 6 8 5 4

large
large1
100
0.08688211441040039
0.08743932247161865
0.5106382978723405
0.19721861550161876
8
0 23 58 79 18 97 7 47
12
0 94 54 49 17 93 26 10 63 72 56 1
11
0 39 71 31 45 51 46 78 50 82 4
13
0 43 80 22 35 77 100 76 68 6 38 85 99
12
0 21 14 53 86 88 11 12 37 24 29 34
17
0 52 3 83 40 8 5 42 33 28 65 69 16 84 95 2 73
8
0 66 30 98 32 64 60 27
9
0 57 9 70 25 48 62 75 13
13
0 92 67 41 55 61 19 96 44 91 87 74 59
7
0 20 90 89 36 81 15

very-large
very-large6
200
0.37602829933166504
0.34354751110076903
0.4307692307692308
0.1749428395788643
18
0 13 15 74 28 44 78 172 101 194 23 81 53 112 65 1 2 100
20
0 39 187 123 165 177 97 17 121 125 196 61 48 191 29 185 41 193 141 119
24
0 200 88 36 107 27 149 134 62 52 199 45 181 130 42 38 16 26 21 102 161 124 152 114
23
0 106 6 89 154 72 31 33 176 56 167 30 104 182 151 198 73 143 150 98 163 126 99
14
0 80 54 59 34 103 71 189 120 77 116 153 169 138
24
0 92 175 164 190 69 118 158 137 7 35 140 79 87 32 8 50 14 85 145 9 70 67 22
22
0 84 178 183 166 197 55 75 195 188 57 83 63 108 148 174 128 180 94 171 93 117
21
0 60 5 129 109 90 160 162 40 43 192 25 49 139 82 96 76 113 37 127 58
16
0 51 179 19 135 47 159 68 111 142 184 10 155 24 95 20
28
0 173 4 3 131 170 91 146 115 133 147 105 86 12 144 136 168 64 18 122 46 132 186 156 110 157 11 66

enormous
enormous8
300
0.07188892364501953
0.07312111854553223
1.0
0.8389475028258577
14
0 113 33 67 52 4 214 140 77 198 150 242 251 40
10
0 124 80 172 191 97 259 197 133 95
13
0 116 263 7 215 22 130 37 174 207 64 69 181
19
0 183 81 34 184 119 269 125 209 109 121 71 252 132 29 277 49 225 295
18
0 117 102 218 84 70 299 105 194 94 45 217 153 151 234 274 245 188
15
0 173 280 155 30 253 129 192 281 238 14 35 224 246 235
17
0 226 106 53 241 175 260 57 208 157 257 1 126 275 167 248 267
14
0 87 144 31 54 108 196 148 268 138 27 182 220 123
14
0 212 68 5 180 228 290 142 86 42 189 79 244 103
18
0 206 99 12 195 145 19 91 232 240 201 41 229 266 73 262 15 43
19
0 13 255 202 186 179 154 168 222 62 166 76 90 247 92 278 223 270 279
14
0 56 61 24 211 230 135 21 171 18 47 93 63 74
17
0 44 298 75 101 112 176 219 120 115 286 221 265 159 243 258 178
14
0 271 25 131 11 28 156 177 287 288 58 32 141 134
15
0 2 55 256 210 297 282 38 300 205 190 122 276 216 114
14
0 65 163 100 160 261 136 231 249 272 170 26 118 72
17
0 127 9 233 96 107 169 292 284 193 204 110 83 147 283 200 294
19
0 199 149 20 152 165 296 85 46 285 293 236 104 16 162 264 137 237 82
22
0 6 250 187 143 51 164 273 146 239 23 98 158 60 66 88 291 203 48 128 59 227
17
0 17 78 139 289 50 39 254 8 111 3 10 89 185 36 161 213

