small
small8
10
0.003998756408691406
0.004102563858032227
0.9148936170212766
0.6836442355146414
3
0 7 3
6
0 4 1 10 6 9
4
0 8 5 2

large
large3
100
0.013978004455566406
0.013720870018005371
0.9276898130257619
0.9033872441971331
11
0 17 95 75 63 2 67 90 82 1 29
13
0 91 83 25 48 11 99 54 50 81 51 46 65
8
0 94 69 39 43 88 44 12
9
0 31 76 58 15 66 70 78 20
7
0 62 28 10 87 3 16
12
0 19 37 93 30 59 52 41 86 22 97 45
17
0 42 35 21 53 18 85 89 26 92 56 74 14 49 100 61 73
7
0 8 60 84 57 47 9
10
0 4 71 34 40 38 24 64 72 55
16
0 33 36 6 68 98 5 77 23 80 96 27 32 7 79 13

very-large
very-large7
200
0.04021430015563965
0.04189379215240478
0.9291590195742024
0.9081881006805095
17
0 41 113 175 33 40 169 153 98 114 137 100 51 16 25 20 147
22
0 11 146 190 157 127 13 65 101 58 52 67 144 80 34 130 161 59 110 192 14 99
23
0 112 70 164 47 117 35 83 132 124 84 71 38 118 55 6 171 106 10 22 12 103 174
14
0 77 95 140 136 62 133 43 15 166 7 129 54 177
18
0 60 96 63 42 121 44 48 68 160 142 50 94 90 81 72 3 120
23
0 104 88 141 154 197 56 149 180 181 108 116 162 131 189 86 168 182 150 191 194 173 61
26
0 28 134 170 167 165 30 119 5 46 139 102 64 188 79 36 87 39 53 8 26 66 29 93 156 184
18
0 45 9 158 183 148 17 152 19 23 31 78 73 2 111 196 143 21
26
0 92 163 172 176 151 178 128 89 85 187 193 91 49 185 76 200 145 82 135 109 69 24 126 75 138
23
0 74 125 107 105 195 199 57 123 115 37 186 122 155 18 4 179 1 27 198 97 32 159

enormous
enormous1
300
0.09808754920959473
0.08311781883239747
0.9710144927536232
0.8578244570167017
16
0 228 59 241 62 111 203 31 160 145 13 9 187 138 91 288
21
0 208 64 51 168 131 67 45 12 128 26 43 83 218 17 4 193 170 63 194 47
22
0 73 211 229 174 200 25 209 201 116 137 142 147 53 85 270 49 299 182 156 281 163
19
0 284 84 157 5 202 250 181 292 262 278 151 253 217 122 112 286 185 108
10
0 243 105 79 255 115 246 96 257 35
15
0 176 175 29 113 215 238 66 6 259 7 55 234 171 56
13
0 166 220 39 267 227 271 276 146 285 48 20 233
19
0 27 204 87 74 287 61 199 50 240 24 266 216 88 22 195 23 8 224
15
0 269 192 273 153 127 197 120 106 140 28 290 165 154 141
13
0 46 191 296 139 42 1 136 38 109 206 152 226
22
0 80 110 178 251 275 173 291 172 75 58 126 98 263 247 223 198 150 57 104 148 72
12
0 249 239 134 103 94 298 300 144 237 92 264
18
0 289 221 183 213 188 254 207 258 123 125 121 65 114 41 40 33 283
11
0 231 117 69 222 143 2 244 81 97 161
18
0 268 282 155 99 68 10 18 95 186 101 15 212 190 78 34 71 265
15
0 189 89 169 277 245 177 16 158 210 14 102 225 107 36
14
0 159 297 21 76 3 294 214 135 70 86 37 149 230
15
0 132 248 162 232 274 100 280 295 272 11 260 235 60 261
15
0 279 293 44 133 179 82 252 124 180 93 256 167 32 119
17
0 219 52 130 77 90 205 30 236 184 118 129 164 54 19 196 242

