small
small9
10
0.03573727607727051
0.03741621971130371
1.0
0.8651042830397768
3
0 4 9
6
0 3 1 8 10 5
4
0 2 7 6

large
large4
100
6.122976064682007
6.095437002182007
0.5098039215686274
0.33641056572351413
9
0 73 57 22 86 14 1 48 45
11
0 17 90 44 70 84 66 50 7 39 75
9
0 61 55 99 27 35 37 85 28
10
0 3 82 41 16 98 65 43 54 33
15
0 24 9 69 53 12 89 72 56 26 8 80 6 4 18
6
0 15 30 2 21 100
13
0 34 25 10 23 81 49 42 94 83 29 19 97
14
0 51 67 95 64 71 11 38 5 92 31 52 74 13
9
0 58 76 40 96 79 36 77 68
14
0 47 46 87 78 62 93 20 60 32 63 91 88 59

very-large
very-large1
200
23.79979157447815
23.78895103931427
0.4626865671641791
0.28764089514798036
20
0 51 150 80 133 136 24 36 49 112 57 70 63 39 107 160 164 162 117 109
19
0 153 75 25 64 61 199 37 45 21 3 22 118 8 99 187 180 55 96
21
0 186 62 86 173 88 12 31 6 43 166 189 44 193 89 175 67 183 92 98 14
24
0 82 123 66 16 78 85 131 95 114 139 176 196 54 93 124 29 41 46 152 195 15 68 53
17
0 60 197 161 2 10 155 154 100 151 50 33 102 106 177 56 97
26
0 170 101 32 71 26 172 83 190 137 188 200 138 116 192 167 9 169 143 47 34 132 178 108 87 84
24
0 79 126 122 179 65 130 165 13 4 127 19 157 129 163 128 156 74 81 191 73 141 111 135
17
0 38 110 174 149 20 171 30 145 17 91 94 42 58 148 59 134
20
0 27 48 147 185 23 90 140 182 40 113 120 142 11 144 119 72 69 76 52
22
0 159 158 5 77 194 184 115 35 104 1 28 198 121 103 18 168 125 146 7 105 181

enormous
enormous1
300
5.254083156585693
5.271473407745361
0.9855072463768116
0.8288023480384329
16
0 289 296 147 172 75 209 38 165 141 237 194 29 210 70 218
13
0 77 155 260 178 41 140 256 104 167 40 225 35
17
0 149 55 246 108 264 297 159 64 123 34 127 130 52 118 13 39
15
0 249 24 240 291 116 92 226 122 68 253 88 146 59 262
18
0 106 5 90 137 163 1 177 33 160 121 117 222 37 271 276 96 192
15
0 157 191 188 173 14 102 107 53 278 197 109 211 82 187
16
0 27 3 66 247 71 74 181 292 250 205 182 190 72 252 124
13
0 243 32 103 169 277 300 206 254 213 238 43 26
9
0 286 185 12 98 78 142 85 158
12
0 175 25 267 224 126 8 242 227 81 193 4
20
0 228 58 136 129 174 97 261 17 63 284 84 133 164 65 60 235 115 145 47
17
0 219 57 186 151 2 125 199 30 281 212 10 143 76 67 7 46
14
0 189 49 299 54 112 251 275 239 180 280 20 184 45
16
0 156 114 139 42 87 83 295 270 288 50 273 150 201 36 232
16
0 110 128 79 11 272 266 204 22 195 200 265 100 48 86 144
14
0 80 131 21 236 203 216 230 138 294 221 268 282 283
17
0 166 135 214 233 95 244 18 113 89 148 229 51 168 23 215 255
19
0 231 241 248 132 208 31 154 202 119 19 196 69 287 198 101 15 62 263
18
0 73 258 269 234 28 99 162 161 285 245 153 176 111 93 16 152 290
25
0 279 293 44 274 259 6 105 179 170 217 94 223 56 171 220 207 134 183 298 91 61 9 257 120

