small
small1
10
0.027990102767944336
0.014250969886779786
1.0
1.0
2
0 10
5
0 2 3 1 4
6
0 8 5 6 7 9

large
large1
100
6.180598974227905
6.989770364761353
1.0
1.0
13
0 71 76 57 69 80 43 92 73 45 10 53 88
16
0 21 49 7 6 30 26 93 86 3 78 50 64 48 59 89
10
0 23 66 2 95 31 36 98 47 40
17
0 77 100 20 90 81 29 34 96 19 13 65 28 55 97 74 60
12
0 39 70 58 24 37 12 82 15 56 72 4
13
0 17 32 51 1 11 79 9 42 33 94 54 27
1
0
5
0 52 84 68 16
11
0 25 8 5 63 61 75 62 41 67 18
12
0 46 83 22 44 91 87 85 99 35 14 38

very-large
very-large1
200
52.74697923660278
61.67360291481018
1.0
1.0
17
0 53 37 146 162 35 47 130 139 65 21 50 76 95 114 118 70
15
0 190 57 104 181 140 90 12 88 168 115 192 193 119 46
13
0 82 109 157 174 31 97 99 136 134 32 71 38
17
0 51 63 39 36 33 67 96 173 6 163 101 189 194 144 52 170
28
0 3 22 43 133 125 14 138 141 45 10 42 106 124 153 113 131 105 107 185 149 191 73 66 121 175 89 17
22
0 79 177 126 148 142 11 4 108 100 165 16 186 69 176 110 85 150 7 166 196 151
27
0 27 48 80 83 172 187 180 55 145 102 54 59 159 94 199 197 152 195 72 122 15 68 28 198 103 18
22
0 129 8 93 30 61 64 25 86 62 81 29 123 44 13 34 58 41 98 92 26 112
21
0 2 91 183 167 24 171 20 78 1 135 84 75 111 155 19 127 156 56 116 154
28
0 200 188 137 120 158 132 178 179 23 5 49 40 182 74 184 117 9 60 147 164 161 87 143 169 160 128 77

