small
small9
10
0.0
0.00010004043579101563
0.467741935483871
0.16308953614924065
6
0 1 8 10 4 0
6
0 3 6 7 2 0
4
0 5 9 0

large
large1
100
0.025836944580078125
0.025404644012451173
0
0.0
12
0 91 60 79 50 8 76 100 84 95 34 0
12
0 96 44 5 36 26 10 45 51 93 40 0
12
0 11 1 55 97 74 13 75 7 68 15 0
12
0 38 85 70 4 62 69 2 59 88 53 0
12
0 47 27 54 49 81 16 99 35 80 22 0
12
0 9 33 42 63 72 56 89 58 73 25 0
12
0 37 19 30 98 32 18 78 65 41 61 0
12
0 24 48 64 12 29 87 90 86 3 83 0
8
0 20 31 71 57 82 94 0
8
0 46 23 66 67 92 43 0
10
0 39 6 17 28 14 21 77 52 0

very-large
very-large1
200
0.17581963539123535
0.17758238315582275
0
0.0
22
0 36 123 64 166 127 72 150 87 81 152 76 104 173 6 15 163 165 68 114 117 0
22
0 176 42 89 9 157 19 113 168 177 56 63 93 132 119 12 31 106 4 172 83 0
22
0 35 115 55 182 140 37 75 145 45 21 196 155 133 148 58 41 136 78 95 61 0
22
0 86 25 194 144 11 142 120 184 169 121 175 67 94 110 71 91 47 34 59 22 0
22
0 198 156 74 112 118 102 32 134 16 77 128 151 26 85 131 52 49 69 158 40 0
22
0 138 14 98 92 96 88 100 99 116 191 130 44 193 171 149 39 50 183 1 135 0
22
0 200 186 80 48 84 73 195 141 111 137 70 54 188 13 103 18 97 197 161 2 0
22
0 3 66 178 108 53 30 107 105 146 162 46 65 139 187 167 24 125 199 33 154 0
22
0 129 159 79 62 28 57 23 122 179 90 109 180 189 43 181 38 126 101 192 27 0
22
0 51 185 10 7 174 153 5 82 20 143 8 29 124 17 190 60 147 164 160 170 0

enormous
enormous3
300
0.5516960620880127
0.5736629247665406
0.3258426966292135
0.034012841091492774
17
0 111 116 189 203 53 114 78 117 205 46 60 255 273 165 61 0
17
0 115 26 296 83 15 172 138 130 258 18 120 50 298 161 135 0
17
0 44 257 128 23 8 40 105 233 208 218 237 204 268 239 256 0
17
0 169 254 155 284 148 34 194 159 5 51 195 89 68 270 119 0
17
0 90 63 112 9 22 17 236 109 294 178 57 101 71 29 100 0
17
0 202 264 140 185 121 20 10 187 93 58 64 259 243 107 97 0
17
0 290 215 198 21 252 147 32 170 180 134 225 1 230 260 4 0
17
0 74 184 295 226 291 75 188 197 222 143 261 48 38 241 206 0
17
0 263 108 285 200 152 14 183 45 210 235 19 242 24 300 27 0
17
0 126 163 154 216 72 160 82 136 175 267 281 42 73 103 220 0
17
0 293 80 141 76 247 139 238 181 11 84 219 207 275 190 221 0
17
0 113 142 234 70 31 191 37 2 227 99 217 12 35 43 67 0
17
0 87 33 271 79 104 25 244 131 196 253 269 151 39 193 81 0
17
0 54 173 297 276 86 228 144 265 55 164 41 156 98 248 96 0
17
0 231 283 66 282 127 162 223 167 288 277 132 174 211 69 123 0
17
0 56 145 213 249 133 118 182 166 102 280 232 36 59 85 246 0
17
0 52 149 65 110 199 150 88 214 3 209 6 176 177 201 266 0
17
0 106 286 289 292 77 251 287 168 274 245 224 91 272 146 279 0
16
0 186 192 153 278 7 240 62 28 30 229 13 47 157 137 0
15
0 158 171 92 250 129 299 179 262 16 125 122 94 49 0
5
0 95 124 212 0

