small
small5
10
0.009516000747680664
0.008510208129882813
1.0
0.917285934978165
7
0 1 2 5 6 9 10
3
0 4 8
3
0 3 7

large
large10
100
0.24205684661865234
0.24572217464447021
0.7450980392156863
0.5140768425588604
12
0 26 90 46 52 85 34 48 14 73 29 6
10
0 32 27 49 84 75 40 74 58 78
11
0 23 19 93 16 10 39 13 56 62 77
10
0 86 8 1 81 98 33 43 25 72
12
0 35 38 63 20 17 22 18 69 95 76 5
9
0 9 42 41 80 57 99 54 37
11
0 87 83 50 28 7 24 82 64 100 61
13
0 88 2 92 45 96 65 4 70 30 68 31 67
10
0 97 53 59 3 71 66 89 12 60
12
0 55 21 94 11 79 36 15 91 47 44 51

very-large
very-large6
200
0.9065203666687012
0.9120923042297363
0.7846153846153846
0.43473796218645544
24
0 173 122 131 199 52 193 105 35 11 113 40 144 186 98 62 184 38 27 29 196 49 22 177
21
0 60 108 80 114 152 32 47 124 73 158 156 115 146 95 20 54 143 164 191 128
16
0 136 175 139 163 153 36 53 81 107 41 185 3 4 170 91
24
0 92 90 23 37 198 61 44 78 5 93 183 171 194 6 141 119 160 174 169 28 74 15 165
21
0 154 127 97 130 89 182 83 77 71 118 145 161 102 135 76 106 111 72 45 181
19
0 51 9 100 134 121 31 172 14 85 195 17 138 63 148 48 69 101 86
25
0 178 84 65 67 137 112 176 103 189 56 167 30 109 10 192 43 55 197 166 24 12 1 2 42
21
0 21 58 46 151 50 125 150 117 159 187 123 87 79 129 8 18 82 132 75 94
19
0 59 116 88 200 96 157 110 126 180 13 190 70 26 16 34 66 33 149
20
0 39 179 19 57 64 168 142 99 68 162 104 7 155 140 188 120 147 133 25

enormous
enormous8
300
0.07053589820861816
0.07463419437408447
0.9701492537313433
0.8260744419287528
18
0 2 226 300 212 136 252 153 64 50 261 218 128 37 1 154 26 104
20
0 199 82 32 223 68 31 54 204 258 244 79 123 113 260 9 91 150 81 295
10
0 177 156 42 245 27 259 188 76 278
16
0 13 288 20 249 240 193 286 221 254 65 114 165 62 231 102
13
0 187 250 106 246 28 95 220 110 290 19 195 213
21
0 87 144 289 291 105 63 74 172 253 281 125 209 216 44 298 75 142 299 184 160
14
0 236 139 268 280 185 89 55 86 182 190 132 29 284
16
0 206 292 169 228 71 242 173 8 16 7 217 122 4 10 3
18
0 264 262 267 174 272 239 161 36 201 41 229 149 94 266 14 134 129
16
0 117 166 30 175 155 99 296 38 70 18 208 235 85 46 58
18
0 60 39 40 251 51 77 140 137 257 97 181 108 6 138 147 224 22
13
0 255 25 275 162 270 67 57 196 48 179 279 66
20
0 183 127 61 24 230 11 5 43 256 210 200 72 133 276 84 189 131 157 192
13
0 34 171 234 151 45 88 112 197 52 15 93 90
17
0 73 100 285 294 103 219 248 33 287 203 269 159 118 191 211 293
17
0 124 80 115 120 83 109 12 163 198 265 126 92 237 232 202 143
13
0 271 233 96 107 49 119 243 207 180 176 214 111
14
0 141 178 186 274 282 283 170 247 205 145 238 21 225
18
0 263 116 164 273 146 121 135 69 148 158 98 23 152 215 222 168 56
15
0 53 241 277 78 35 17 47 194 227 101 59 297 167 130

